2.800	    -0.3345
2.833	    -0.3346
2.867	    -0.3348
2.900	    -0.3347
2.933	    -0.3347
2.967	    -0.3347
3.000	    -0.3348
3.033	    -0.3349
3.067	    -0.3348
3.100	    -0.3348
3.133	    -0.3347
3.167	    -0.3347
3.200	    -0.3347
3.233	    -0.3347
3.267	    -0.3346
3.300	    -0.3345
3.333	    -0.3345
3.367	    -0.3345
3.400	    -0.3344
3.433	    -0.3343
3.467	    -0.3341
3.500	    -0.3341
3.533	    -0.3341
3.567	    -0.3337
3.600	    -0.3336
3.633	    -0.3334
3.667	    -0.3332
3.700	    -0.3330
3.733	    -0.3328
3.767	    -0.3323
3.800	    -0.3321
3.833	    -0.3320
3.867	    -0.3318
3.900	    -0.3316
3.933	    -0.3312
3.967	    -0.3312
4.000	    -0.3307
4.033	    -0.3304
4.067	    -0.3302
4.100	    -0.3300
4.133	    -0.3298
4.163	    -0.3292
4.197	    -0.3290
4.230	    -0.3288
4.263	    -0.3283
4.297	    -0.3279
4.330	    -0.3275
4.363	    -0.3274
4.397	    -0.3272
4.430	    -0.3270
4.463	    -0.3268
4.497	    -0.3265
4.530	    -0.3261
4.564	    -0.3258
4.597	    -0.3255
4.630	    -0.3253
4.664	    -0.3248
4.697	    -0.3243
4.730	    -0.3243
4.764	    -0.3241
4.797	    -0.3239
4.830	    -0.3233
4.864	    -0.3229
4.897	    -0.3223
4.930	    -0.3222
4.964	    -0.3218
4.997	    -0.3213
5.030	    -0.3210
5.064	    -0.3206
5.097	    -0.3202
5.130	    -0.3200
5.164	    -0.3196
5.197	    -0.3194
5.230	    -0.3190
5.264	    -0.3185
5.297	    -0.3182
5.330	    -0.3178
5.364	    -0.3176
5.397	    -0.3172
5.430	    -0.3170
5.464	    -0.3168
5.497	    -0.3163
5.530	    -0.3158
5.564	    -0.3155
5.597	    -0.3151
5.630	    -0.3151
5.664	    -0.3148
5.697	    -0.3142
5.730	    -0.3140
5.764	    -0.3138
5.797	    -0.3134
5.830	    -0.3131
5.864	    -0.3130
5.897	    -0.3128
5.930	    -0.3126
5.964	    -0.3123
5.997	    -0.3120
6.030	    -0.3118
6.064	    -0.3117
6.097	    -0.3115
6.130	    -0.3114
6.164	    -0.3112
6.197	    -0.3110
6.230	    -0.3107
6.264	    -0.3107
6.297	    -0.3106
6.327	    -0.3105
6.360	    -0.3103
6.394	    -0.3102
6.427	    -0.3102
6.460	    -0.3101
6.494	    -0.3098
6.527	    -0.3098
6.560	    -0.3098
6.594	    -0.3095
6.627	    -0.3095
6.660	    -0.3095
6.694	    -0.3095
6.727	    -0.3095
6.760	    -0.3094
6.794	    -0.3095
6.827	    -0.3094
6.860	    -0.3093
6.894	    -0.3093
6.927	    -0.3094
6.960	    -0.3094
6.994	    -0.3094
7.027	    -0.3094
7.060	    -0.3095
7.094	    -0.3095
7.127	    -0.3097
7.160	    -0.3097
7.194	    -0.3096
7.227	    -0.3091
7.260	    -0.3100
7.294	    -0.3108
7.327	    -0.3098
7.360	    -0.3090
7.394	    -0.3104
7.427	    -0.3111
7.460	    -0.3102
7.494	    -0.3102
7.527	    -0.3115
7.560	    -0.3114
7.594	    -0.3102
7.627	    -0.3106
7.660	    -0.3118
7.694	    -0.3118
7.727	    -0.3109
7.760	    -0.3115
7.794	    -0.3120
7.827	    -0.3121
7.860	    -0.3120
7.894	    -0.3123
7.927	    -0.3129
7.960	    -0.3131
7.994	    -0.3132
8.027	    -0.3133
8.060	    -0.3136
8.094	    -0.3143
8.127	    -0.3144
8.160	    -0.3139
8.194	    -0.3147
8.227	    -0.3155
8.260	    -0.3153
8.294	    -0.3151
8.327	    -0.3160
8.360	    -0.3169
8.394	    -0.3165
8.427	    -0.3162
8.460	    -0.3169
8.494	    -0.3175
8.527	    -0.3172
8.557	    -0.3172
8.590	    -0.3182
8.624	    -0.3186
8.657	    -0.3186
8.690	    -0.3186
8.724	    -0.3191
8.757	    -0.3194
8.790	    -0.3194
8.824	    -0.3200
8.857	    -0.3204
8.890	    -0.3206
8.924	    -0.3208
8.957	    -0.3211
8.990	    -0.3212
9.024	    -0.3217
9.057	    -0.3217
9.090	    -0.3218
9.124	    -0.3227
9.157	    -0.3232
9.191	    -0.3231
9.224	    -0.3230
9.258	    -0.3234
9.291	    -0.3237
9.324	    -0.3239
9.357	    -0.3245
9.391	    -0.3236
9.424	    -0.3248
9.458	    -0.3262
9.491	    -0.3253
9.524	    -0.3241
9.558	    -0.3255
9.591	    -0.3272
9.624	    -0.3261
9.658	    -0.3247
9.691	    -0.3264
9.724	    -0.3282
9.758	    -0.3271
9.791	    -0.3258
9.824	    -0.3272
9.857	    -0.3285
9.891	    -0.3277
9.924	    -0.3266
9.958	    -0.3278
9.991	    -0.3290
10.024	    -0.3281
10.058	    -0.3274
10.091	    -0.3282
10.124	    -0.3292
10.158	    -0.3286
10.191	    -0.3281
10.224	    -0.3287
10.258	    -0.3294
10.291	    -0.3289
10.324	    -0.3286
10.357	    -0.3291
10.391	    -0.3294
10.424	    -0.3291
10.458	    -0.3289
10.491	    -0.3293
10.524	    -0.3295
10.558	    -0.3295
10.591	    -0.3294
10.624	    -0.3295
10.658	    -0.3296
10.691	    -0.3296
10.721	    -0.3293
10.754	    -0.3293
10.788	    -0.3295
10.821	    -0.3294
10.854	    -0.3293
10.888	    -0.3293
10.921	    -0.3294
10.954	    -0.3293
10.988	    -0.3291
11.021	    -0.3291
11.054	    -0.3291
11.088	    -0.3291
11.121	    -0.3290
11.154	    -0.3290
11.188	    -0.3289
11.221	    -0.3288
11.254	    -0.3285
11.288	    -0.3284
11.321	    -0.3283
11.354	    -0.3283
11.388	    -0.3280
11.421	    -0.3280
11.454	    -0.3279
11.488	    -0.3276
11.521	    -0.3274
11.554	    -0.3274
11.588	    -0.3272
11.621	    -0.3270
11.654	    -0.3268
11.688	    -0.3267
11.721	    -0.3264
11.754	    -0.3262
11.788	    -0.3260
11.821	    -0.3259
11.854	    -0.3256
11.888	    -0.3254
11.921	    -0.3251
11.954	    -0.3251
11.988	    -0.3247
12.021	    -0.3245
12.054	    -0.3244
12.088	    -0.3240
12.121	    -0.3239
12.154	    -0.3237
12.188	    -0.3234
12.221	    -0.3232
12.254	    -0.3227
12.288	    -0.3227
12.321	    -0.3226
12.354	    -0.3220
12.388	    -0.3219
12.421	    -0.3221
12.454	    -0.3218
12.488	    -0.3216
12.521	    -0.3213
12.554	    -0.3212
12.588	    -0.3209
12.621	    -0.3207
12.654	    -0.3204
12.688	    -0.3203
12.721	    -0.3201
12.754	    -0.3199
12.788	    -0.3197
12.818	    -0.3195
12.851	    -0.3193
12.884	    -0.3192
12.918	    -0.3190
12.951	    -0.3187
12.984	    -0.3183
13.018	    -0.3182
13.051	    -0.3180
13.084	    -0.3180
13.118	    -0.3175
13.151	    -0.3174
13.184	    -0.3172
13.218	    -0.3172
13.251	    -0.3168
13.284	    -0.3167
13.318	    -0.3166
13.351	    -0.3164
13.384	    -0.3163
13.418	    -0.3160
13.451	    -0.3158
13.484	    -0.3156
13.518	    -0.3154
13.551	    -0.3152
13.584	    -0.3150
13.618	    -0.3150
13.651	    -0.3148
13.684	    -0.3147
13.718	    -0.3144
13.751	    -0.3145
13.784	    -0.3143
13.818	    -0.3142
13.851	    -0.3140
13.885	    -0.3140
13.918	    -0.3137
13.951	    -0.3137
13.985	    -0.3133
14.018	    -0.3132
14.051	    -0.3132
14.085	    -0.3130
14.118	    -0.3130
14.151	    -0.3130
14.185	    -0.3129
14.218	    -0.3129
14.251	    -0.3129
14.285	    -0.3129
14.318	    -0.3129
14.351	    -0.3128
14.385	    -0.3128
14.418	    -0.3129
14.451	    -0.3130
14.485	    -0.3126
14.518	    -0.3126
14.551	    -0.3126
14.585	    -0.3125
14.618	    -0.3126
14.651	    -0.3127
14.685	    -0.3127
14.718	    -0.3127
14.751	    -0.3128
14.785	    -0.3128
14.818	    -0.3129
14.851	    -0.3129
14.885	    -0.3131
14.918	    -0.3132
14.951	    -0.3134
14.985	    -0.3134
15.018	    -0.3136
15.048	    -0.3137
15.081	    -0.3138
15.115	    -0.3140
15.148	    -0.3142
15.181	    -0.3142
15.215	    -0.3143
15.248	    -0.3143
15.281	    -0.3145
15.315	    -0.3146
15.348	    -0.3148
15.381	    -0.3149
15.415	    -0.3151
15.448	    -0.3153
15.481	    -0.3155
15.515	    -0.3155
15.548	    -0.3156
15.581	    -0.3158
15.615	    -0.3159
15.648	    -0.3160
15.681	    -0.3163
15.715	    -0.3164
15.748	    -0.3167
15.781	    -0.3168
15.815	    -0.3169
15.848	    -0.3171
15.881	    -0.3173
15.915	    -0.3173
15.948	    -0.3177
15.981	    -0.3178
16.015	    -0.3180
16.048	    -0.3181
16.081	    -0.3183
16.115	    -0.3184
16.148	    -0.3187
16.181	    -0.3189
16.215	    -0.3191
16.248	    -0.3193
16.281	    -0.3195
16.315	    -0.3197
16.348	    -0.3199
16.381	    -0.3201
16.415	    -0.3204
16.448	    -0.3206
16.481	    -0.3207
16.515	    -0.3209
16.548	    -0.3211
16.581	    -0.3214
16.615	    -0.3215
16.648	    -0.3218
16.681	    -0.3219
16.715	    -0.3221
16.748	    -0.3224
16.781	    -0.3225
16.815	    -0.3226
16.848	    -0.3228
16.881	    -0.3228
16.915	    -0.3228
16.948	    -0.3232
16.981	    -0.3234
17.015	    -0.3235
17.048	    -0.3238
17.081	    -0.3238
17.115	    -0.3239
17.148	    -0.3240
17.178	    -0.3243
17.211	    -0.3243
17.245	    -0.3244
17.278	    -0.3249
17.311	    -0.3246
17.345	    -0.3248
17.378	    -0.3248
17.411	    -0.3250
17.445	    -0.3250
17.478	    -0.3250
17.511	    -0.3255
17.545	    -0.3255
17.578	    -0.3255
17.611	    -0.3255
17.645	    -0.3257
17.678	    -0.3259
17.711	    -0.3261
17.745	    -0.3262
17.778	    -0.3261
17.811	    -0.3261
17.845	    -0.3262
17.878	    -0.3263
17.911	    -0.3263
17.945	    -0.3263
17.978	    -0.3263
18.011	    -0.3264
18.045	    -0.3264
18.078	    -0.3264
18.111	    -0.3264
18.145	    -0.3261
18.178	    -0.3264
18.211	    -0.3264
18.245	    -0.3264
18.278	    -0.3264
18.311	    -0.3264
18.345	    -0.3263
18.378	    -0.3263
18.411	    -0.3263
18.445	    -0.3264
18.478	    -0.3263
18.511	    -0.3262
18.545	    -0.3262
18.578	    -0.3262
18.612	    -0.3261
18.645	    -0.3261
18.678	    -0.3259
18.712	    -0.3259
18.745	    -0.3257
18.778	    -0.3258
18.812	    -0.3256
18.845	    -0.3255
18.878	    -0.3253
18.912	    -0.3251
18.945	    -0.3251
18.978	    -0.3251
19.012	    -0.3250
19.045	    -0.3247
19.078	    -0.3247
19.112	    -0.3245
19.145	    -0.3247
19.178	    -0.3244
19.212	    -0.3241
19.245	    -0.3240
19.278	    -0.3239
19.312	    -0.3238
19.345	    -0.3238
19.375	    -0.3235
19.408	    -0.3231
19.442	    -0.3230
19.475	    -0.3230
19.508	    -0.3231
19.542	    -0.3225
19.575	    -0.3225
19.608	    -0.3226
19.642	    -0.3222
19.675	    -0.3221
19.708	    -0.3219
19.742	    -0.3219
19.775	    -0.3217
19.808	    -0.3213
19.842	    -0.3213
19.875	    -0.3212
19.908	    -0.3209
19.942	    -0.3207
19.975	    -0.3205
20.008	    -0.3205
20.042	    -0.3202
20.075	    -0.3200
20.108	    -0.3198
20.142	    -0.3198
20.175	    -0.3197
20.208	    -0.3193
20.242	    -0.3192
20.275	    -0.3191
20.308	    -0.3189
20.342	    -0.3188
20.375	    -0.3186
20.408	    -0.3185
20.442	    -0.3183
20.475	    -0.3181
20.508	    -0.3179
20.542	    -0.3178
20.575	    -0.3177
20.608	    -0.3176
20.642	    -0.3174
20.675	    -0.3173
20.708	    -0.3172
20.742	    -0.3169
20.775	    -0.3169
20.808	    -0.3170
20.842	    -0.3166
20.875	    -0.3165
20.908	    -0.3163
20.942	    -0.3162
20.975	    -0.3161
21.008	    -0.3161
21.042	    -0.3160
21.075	    -0.3159
21.108	    -0.3158
21.142	    -0.3157
21.175	    -0.3157
21.208	    -0.3156
21.242	    -0.3154
21.275	    -0.3153
21.308	    -0.3153
21.342	    -0.3152
21.375	    -0.3151
21.408	    -0.3151
21.442	    -0.3151
21.475	    -0.3151
21.508	    -0.3149
21.538	    -0.3149
21.572	    -0.3149
21.605	    -0.3148
21.638	    -0.3147
21.672	    -0.3145
21.705	    -0.3147
21.738	    -0.3146
21.772	    -0.3146
21.805	    -0.3146
21.838	    -0.3146
21.872	    -0.3146
21.905	    -0.3146
21.938	    -0.3146
21.972	    -0.3146
22.005	    -0.3146
22.038	    -0.3146
22.072	    -0.3147
22.105	    -0.3146
22.138	    -0.3147
22.172	    -0.3147
22.205	    -0.3147
22.238	    -0.3148
22.272	    -0.3148
22.305	    -0.3148
22.338	    -0.3149
22.372	    -0.3149
22.405	    -0.3151
22.438	    -0.3150
22.472	    -0.3153
22.505	    -0.3153
22.538	    -0.3154
22.572	    -0.3154
22.605	    -0.3155
22.638	    -0.3156
22.672	    -0.3157
22.705	    -0.3159
22.738	    -0.3162
22.772	    -0.3161
22.805	    -0.3161
22.838	    -0.3164
22.872	    -0.3166
22.905	    -0.3165
22.938	    -0.3167
22.972	    -0.3168
23.005	    -0.3171
23.038	    -0.3171
23.072	    -0.3172
23.105	    -0.3173
23.138	    -0.3175
23.172	    -0.3175
23.205	    -0.3176
23.238	    -0.3177
23.272	    -0.3179
23.305	    -0.3180
23.339	    -0.3180
23.372	    -0.3182
23.405	    -0.3183
23.439	    -0.3184
23.472	    -0.3186
23.505	    -0.3187
23.539	    -0.3189
23.572	    -0.3190
23.605	    -0.3192
23.635	    -0.3193
23.669	    -0.3195
23.702	    -0.3196
23.735	    -0.3198
23.769	    -0.3199
23.802	    -0.3200
23.835	    -0.3202
23.869	    -0.3203
23.902	    -0.3204
23.935	    -0.3206
23.969	    -0.3207
24.002	    -0.3209
24.035	    -0.3210
24.069	    -0.3212
24.102	    -0.3214
24.135	    -0.3216
24.169	    -0.3217
24.202	    -0.3218
24.235	    -0.3219
24.269	    -0.3219
24.302	    -0.3223
24.335	    -0.3224
24.369	    -0.3224
24.402	    -0.3225
24.435	    -0.3227
24.469	    -0.3229
24.502	    -0.3229
24.535	    -0.3230
24.569	    -0.3230
24.602	    -0.3233
24.635	    -0.3233
24.669	    -0.3235
24.702	    -0.3236
24.735	    -0.3236
24.769	    -0.3236
24.802	    -0.3239
24.835	    -0.3238
24.869	    -0.3238
24.902	    -0.3240
24.935	    -0.3241
24.969	    -0.3242
25.002	    -0.3243
25.035	    -0.3243
25.069	    -0.3244
25.102	    -0.3244
25.135	    -0.3244
25.169	    -0.3245
25.202	    -0.3245
25.235	    -0.3246
25.269	    -0.3246
25.302	    -0.3246
25.335	    -0.3246
25.369	    -0.3246
25.402	    -0.3247
25.435	    -0.3247
25.469	    -0.3247
25.502	    -0.3247
25.535	    -0.3247
25.569	    -0.3247
25.602	    -0.3247
25.635	    -0.3247
25.669	    -0.3246
25.702	    -0.3247
25.735	    -0.3247
25.769	    -0.3246
25.802	    -0.3246
25.835	    -0.3246
25.865	    -0.3245
25.899	    -0.3245
25.932	    -0.3245
25.965	    -0.3244
25.999	    -0.3244
26.032	    -0.3244
26.065	    -0.3244
26.099	    -0.3244
26.132	    -0.3243
26.165	    -0.3243
26.199	    -0.3242
26.232	    -0.3241
26.265	    -0.3240
26.299	    -0.3240
26.332	    -0.3240
26.365	    -0.3238
26.399	    -0.3237
26.432	    -0.3237
26.465	    -0.3236
26.499	    -0.3235
26.532	    -0.3234
26.565	    -0.3233
26.599	    -0.3233
26.632	    -0.3232
26.665	    -0.3230
26.699	    -0.3229
26.732	    -0.3228
26.765	    -0.3227
26.799	    -0.3227
26.832	    -0.3225
26.865	    -0.3224
26.899	    -0.3222
26.932	    -0.3221
26.965	    -0.3220
26.999	    -0.3219
27.032	    -0.3218
27.065	    -0.3216
27.099	    -0.3216
27.132	    -0.3214
27.165	    -0.3213
27.199	    -0.3212
27.232	    -0.3210
27.265	    -0.3209
27.299	    -0.3207
27.332	    -0.3208
27.365	    -0.3205
27.399	    -0.3204
27.432	    -0.3203
27.465	    -0.3202
27.499	    -0.3202
27.532	    -0.3200
27.565	    -0.3199
27.599	    -0.3196
27.632	    -0.3196
27.665	    -0.3195
27.699	    -0.3194
27.732	    -0.3193
27.765	    -0.3192
27.799	    -0.3190
27.832	    -0.3189
27.865	    -0.3189
27.899	    -0.3187
27.932	    -0.3186
27.962	    -0.3185
27.999	    -0.3183
28.029	    -0.3182
28.063	    -0.3181
28.096	    -0.3180
28.129	    -0.3179
28.163	    -0.3177
28.196	    -0.3176
28.229	    -0.3176
28.263	    -0.3175
28.296	    -0.3174
28.329	    -0.3173
28.363	    -0.3173
28.396	    -0.3172
28.429	    -0.3171
28.463	    -0.3170
28.496	    -0.3169
28.529	    -0.3168
28.563	    -0.3168
28.596	    -0.3166
28.629	    -0.3166
28.663	    -0.3166
28.696	    -0.3164
28.729	    -0.3164
28.763	    -0.3164
28.796	    -0.3162
28.829	    -0.3162
28.863	    -0.3161
28.896	    -0.3161
28.929	    -0.3161
28.963	    -0.3160
28.996	    -0.3163
29.029	    -0.3161
29.063	    -0.3158
29.096	    -0.3159
29.129	    -0.3161
29.163	    -0.3160
29.196	    -0.3160
29.229	    -0.3160
29.263	    -0.3160
29.296	    -0.3160
29.329	    -0.3160
29.363	    -0.3160
29.396	    -0.3160
29.429	    -0.3160
29.463	    -0.3160
29.496	    -0.3161
29.529	    -0.3160
29.563	    -0.3160
29.596	    -0.3160
29.629	    -0.3161
29.663	    -0.3162
29.696	    -0.3162
29.729	    -0.3164
29.763	    -0.3163
29.796	    -0.3163
29.829	    -0.3164
29.863	    -0.3165
29.896	    -0.3164
29.929	    -0.3164
29.963	    -0.3164
29.996	    -0.3165
30.029	    -0.3167
30.063	    -0.3167
30.096	    -0.3168
30.129	    -0.3169
30.163	    -0.3169
30.193	    -0.3170
30.226	    -0.3171
30.259	    -0.3171
30.293	    -0.3172
30.326	    -0.3173
30.359	    -0.3174
30.393	    -0.3175
30.426	    -0.3176
30.459	    -0.3177
30.493	    -0.3177
30.526	    -0.3177
30.559	    -0.3179
30.593	    -0.3181
30.626	    -0.3181
30.659	    -0.3183
30.693	    -0.3184
30.726	    -0.3186
30.759	    -0.3187
30.793	    -0.3188
30.826	    -0.3189
30.859	    -0.3189
30.893	    -0.3189
30.926	    -0.3191
30.959	    -0.3193
30.993	    -0.3195
31.026	    -0.3195
31.059	    -0.3196
31.093	    -0.3197
31.126	    -0.3199
31.159	    -0.3199
31.193	    -0.3200
31.226	    -0.3201
31.259	    -0.3203
31.293	    -0.3204
31.326	    -0.3204
31.359	    -0.3208
31.393	    -0.3209
31.426	    -0.3209
31.459	    -0.3210
31.493	    -0.3211
31.526	    -0.3212
31.559	    -0.3213
31.593	    -0.3215
31.626	    -0.3216
31.659	    -0.3216
31.693	    -0.3216
31.726	    -0.3216
31.759	    -0.3217
31.793	    -0.3218
31.826	    -0.3220
31.859	    -0.3222
31.893	    -0.3222
31.926	    -0.3224
31.959	    -0.3226
31.993	    -0.3226
32.026	    -0.3226
32.059	    -0.3228
32.093	    -0.3229
32.126	    -0.3229
32.159	    -0.3226
32.193	    -0.3229
32.226	    -0.3228
32.259	    -0.3229
32.293	    -0.3231
32.326	    -0.3233
32.356	    -0.3232
32.389	    -0.3233
32.422	    -0.3233
32.456	    -0.3234
32.489	    -0.3234
32.523	    -0.3235
32.556	    -0.3236
32.589	    -0.3237
32.623	    -0.3237
32.656	    -0.3237
32.690	    -0.3237
32.723	    -0.3237
32.756	    -0.3237
32.790	    -0.3238
32.823	    -0.3239
32.856	    -0.3240
32.890	    -0.3239
32.923	    -0.3240
32.956	    -0.3239
32.990	    -0.3238
33.023	    -0.3238
33.056	    -0.3239
33.090	    -0.3239
33.123	    -0.3239
33.156	    -0.3238
33.190	    -0.3238
33.223	    -0.3238
33.256	    -0.3236
33.290	    -0.3234
33.323	    -0.3236
33.356	    -0.3237
33.390	    -0.3236
33.423	    -0.3236
33.456	    -0.3236
33.490	    -0.3234
33.523	    -0.3233
33.556	    -0.3233
33.590	    -0.3234
33.623	    -0.3234
33.656	    -0.3232
33.690	    -0.3231
33.723	    -0.3231
33.756	    -0.3231
33.790	    -0.3228
33.823	    -0.3228
33.856	    -0.3229
33.890	    -0.3228
33.923	    -0.3227
33.956	    -0.3226
33.990	    -0.3226
34.023	    -0.3226
34.056	    -0.3224
34.090	    -0.3224
34.123	    -0.3223
34.156	    -0.3222
34.190	    -0.3220
34.223	    -0.3220
34.256	    -0.3220
34.290	    -0.3219
34.323	    -0.3216
34.356	    -0.3216
34.390	    -0.3215
34.423	    -0.3214
34.456	    -0.3213
34.486	    -0.3214
34.520	    -0.3213
34.553	    -0.3213
34.586	    -0.3210
34.620	    -0.3210
34.653	    -0.3208
34.686	    -0.3206
34.720	    -0.3205
34.753	    -0.3204
34.786	    -0.3203
34.820	    -0.3201
34.853	    -0.3201
34.886	    -0.3200
34.920	    -0.3199
34.953	    -0.3197
34.986	    -0.3197
35.020	    -0.3196